image: /home/abelab/rits-exp-3/robot2/src/exp3/map/map2.pgm
resolution: 0.010000
origin: [-10.000000, -10.000000, 0.000000]
negate: 0
occupied_thresh: 0.65
free_thresh: 0.196

